8.683951978434761543e+01 5.536328064711725006e+00
8.865645816579986160e+01 2.383795310866418049e+00
9.046508197469385948e+01 -7.711207226080318833e-01
9.227639054400395935e+01 -3.925267396667010189e+00
9.410143784656759181e+01 -7.075474078327147254e+00
9.595155822899339171e+01 -1.021847754688745624e+01
9.783860091674321779e+01 -1.335084343404963647e+01
9.977518043267528469e+01 -1.646888027580087055e+01
1.017749501440878674e+02 -1.956854234101018619e+01
1.038529060306246805e+02 -2.264531678816467775e+01
1.060257271122264626e+02 -2.569408987844268211e+01
1.083121571984495688e+02 -2.870898594764240386e+01
1.107334286935657133e+02 -3.168317166177267552e+01
1.133137213933003409e+02 -3.460861689596485746e+01
1.160806347253978288e+02 -3.747580271626226533e+01
1.190656263041492480e+02 -4.027336709383195057e+01
1.223043264879822516e+02 -4.298768145208003943e+01
1.258365692869840018e+02 -4.560235828850790085e+01
1.297058756876859320e+02 -4.809770583291748380e+01
1.339579838036208912e+02 -5.045017584269001532e+01
1.386378614258763093e+02 -5.263190238591573689e+01
1.437845350498618870e+02 -5.461050793468047004e+01
1.494231973720421820e+02 -5.634945186091630376e+01
1.555546972558772723e+02 -5.780927973083504412e+01
1.621439453593480380e+02 -5.895011514586258272e+01
1.691108412022897198e+02 -5.973549555034412606e+01
1.763289117252761002e+02 -6.013711666839606096e+01
-1.763640953381234340e+02 -6.013936722079415631e+01
-1.691440819881895834e+02 -5.974215742021925735e+01
-1.621735931534421411e+02 -5.896093592098466729e+01
-1.555795853051304505e+02 -5.782388823982134340e+01
-1.494426898919553253e+02 -5.636741275678846819e+01
-1.437984591658086799e+02 -5.463137123628231961e+01
-1.386463829189733019e+02 -5.265523918379258816e+01
-1.339614786497075158e+02 -5.047559879638788516e+01
-1.297048256854830868e+02 -4.812487745812532580e+01
-1.258314894282119667e+02 -4.563099124783667548e+01
-1.222957204119296080e+02 -4.301753448771486887e+01
-1.190539624476861462e+02 -4.030423911533586079e+01
-1.160663360519889835e+02 -3.750752653218127364e+01
-1.132971632521807095e+02 -3.464105335113534068e+01
-1.107149411167031587e+02 -3.171620449612990456e+01
-1.082920293298422507e+02 -2.874251744746351278e+01
-1.060042124238076582e+02 -2.572803727151296016e+01
-1.038302275930395098e+02 -2.267960928590827052e+01
-1.017513055923096346e+02 -1.960311871904907832e+01
-9.975074648132542166e+01 -1.650368689005597389e+01
-9.781353739856527341e+01 -1.338583258179656355e+01
-9.592601169173592268e+01 -1.025360609580543780e+01
-9.407554477314980090e+01 -7.110702299078070610e+00
-9.225028027308275114e+01 -3.960557944943147390e+00
-9.043887940230726485e+01 -8.064377246331559945e-01
-8.863028630860182489e+01 2.348487109663594197e+00
-8.681350228381705847e+01 5.501064124575492542e+00
-8.497736176701459954e+01 8.648085888680242306e+00
-8.311030311124609682e+01 1.178621380513179417e+01
-8.120012702097196211e+01 1.491189630668071686e+01
-7.923373547103315673e+01 1.802127780879490615e+01
-7.719684391269861123e+01 2.111009430489308158e+01
-7.507365990524839106e+01 2.417355076987371376e+01
-7.284652243090272350e+01 2.720617461090884603e+01
-7.049549883924704829e+01 3.020163829217144524e+01
-6.799794195730298441e+01 3.315254305178082461e+01
-6.532802060371452058e+01 3.605015454796485130e+01
-6.245625610541372197e+01 3.888408079958379204e+01
-5.934913084257644300e+01 4.164188387923626777e+01
-5.596888994638278092e+01 4.430862124481453179e+01
-5.227374314609753014e+01 4.686632342018280184e+01
-4.821879730110251217e+01 4.929343681617491058e+01
-4.375820537513685338e+01 5.156430052573368528e+01
-3.884916216845018511e+01 5.364879080293945890e+01
-3.345839299324603644e+01 5.551235768325192055e+01
-2.757143702423373810e+01 5.711677641289323759e+01
-2.120401285783187006e+01 5.842198360383706301e+01
-1.441293503045762670e+01 5.938925519998322500e+01
-7.302005086656200739e+00 5.998559429819189859e+01
-1.771695280754811974e-02 6.018854800136686833e+01
7.267562267364472639e+00 5.999007267589605874e+01
1.438131188194162569e+01 5.939803673844195941e+01
2.117663278130664395e+01 5.843474993698738729e+01
2.754919875553247621e+01 5.713311746977654337e+01
3.344168739329241902e+01 5.553182536337645558e+01
3.883797603053308478e+01 5.367094218527299176e+01
4.375225289040809429e+01 5.158872578331023817e+01
4.821763851864487549e+01 4.931977309760939221e+01
5.227687250458638601e+01 4.689425862322288197e+01
5.597579403720946800e+01 4.433789174116270715e+01
5.935932164477856787e+01 4.167226928089226590e+01
6.246928724890085505e+01 3.891539773523280132e+01
6.534349300999281240e+01 3.608225053579570840e+01
6.801550339700210657e+01 3.318529097710883491e+01
7.051484035012842355e+01 3.023493166325290815e+01
7.286737337226530542e+01 2.723992359241584893e+01
7.509578265090510740e+01 2.420767891496433322e+01
7.722002870405609087e+01 2.114453588001642004e+01
7.925779566759973704e+01 1.805597560418826220e+01
8.122489482498876612e+01 1.494679983541240631e+01
8.313562575681000055e+01 1.182127780694992225e+01
8.500309812071107274e+01 8.683269068179924943e+00
8.683951978434760122e+01 5.536328064711739216e+00
